           2           1   2.21886865329262     
           3           2  0.959670836183577     
           4           3   1.00358333207690     
           5           4  0.804139006047180     
           6           3  0.941700308476513     
           7           3  0.952047154997173     
           8           1  0.645635042810606     
           8           2  0.650293369468179     
           9           8  0.820558710921459     
          10           9   1.91959197878037     
          11          10  0.958979538111320     
          12           8  0.704744893886459     
          12          11   1.05461300623637     
          13          11  0.933138041635023     
          14          11  0.929576052679004     
          15          10  0.923875626013142     
